-1.005641979165130095e+00 3.797361485699888295e-01 3.782170219174700865e-01 4.136333743664916685e-01 3.985464382463773103e-01 3.558409241373628462e-01 3.985449717736437858e-01 4.192219437522191061e-01 3.436973658015970989e-01
-1.173185840620171616e+00 3.697258682339386593e-01 4.637068792672349171e-01 4.494064926280710859e-01 4.418490725495530791e-01 3.456687441994670817e-01 4.984738779026138822e-01 4.417156272313527143e-01 3.560261810140183392e-01
-1.043256866427143104e+00 3.742202409850027278e-01 4.429943228542029265e-01 3.650919211146963494e-01 3.853420156912333860e-01 3.602172279962231882e-01 4.869424765840766889e-01 4.061029161649711283e-01 3.208505528884941782e-01
-9.611935097576755904e-01 3.619007646627617203e-01 3.961800968664634937e-01 3.913793113760161702e-01 3.808894141502241482e-01 3.794272385228591449e-01 4.320749015356217249e-01 3.706364538283454801e-01 2.885610361396228618e-01
-1.020521602392783889e+00 4.186694280283974612e-01 3.906958482528566368e-01 4.001932136808091789e-01 3.548188167292347650e-01 3.643781441375894548e-01 4.651596515278806354e-01 3.872420256419416562e-01 3.113129090917213793e-01
-1.031090255500774155e+00 4.367603298159265512e-01 3.989435781391687530e-01 4.133896840753790158e-01 3.558996485186544101e-01 3.848364694637569361e-01 4.721194285296764770e-01 3.558490916312772034e-01 2.957050538665797479e-01
-1.026558691456578520e+00 3.555189664692826601e-01 4.166545066609675940e-01 4.128371394775602332e-01 4.043285139726082722e-01 3.712303890331331568e-01 4.593608867469751722e-01 3.480827284103905628e-01 3.502480614456564001e-01
-1.120665139908395336e+00 3.700642961421875543e-01 4.523753475124538403e-01 4.371884137316202623e-01 4.368840867685157003e-01 3.343807749922328432e-01 4.854038116980124995e-01 3.752283999392996838e-01 3.867268473865130840e-01
-9.299872624558248591e-01 3.586290324911238780e-01 4.196663743074887098e-01 3.618451601274385587e-01 3.627959912695039590e-01 3.472517810385843950e-01 4.561889614763967593e-01 3.549466244690773764e-01 3.029222196360658037e-01
-1.076763421063001269e+00 4.371468002563328459e-01 3.899144301777650590e-01 4.165395798816888262e-01 4.056416391112476205e-01 3.464518794953176384e-01 4.263028324961178894e-01 4.118774830935026388e-01 3.689227404821708856e-01
-1.053972051453637704e+00 4.176547560268955572e-01 4.514877718279585728e-01 3.578576657379706760e-01 3.508718013624627097e-01 3.838073175391546465e-01 4.654000403341388981e-01 3.659829773381718110e-01 3.648611508962709138e-01
-1.081657320249046039e+00 4.082034433450558719e-01 4.107649138994510785e-01 4.202109304760699993e-01 3.810936494942834263e-01 3.844703571678866894e-01 4.911919015659096388e-01 3.912854297719386976e-01 3.226958559964815954e-01
-1.072126912820803746e+00 4.057919091984672488e-01 3.694623848523873044e-01 4.149272859240417666e-01 4.161347241691691901e-01 3.919246741836791559e-01 4.720272314013406190e-01 3.997188150126975148e-01 3.273954317869735564e-01
-1.157949804167632379e+00 4.504274559099910591e-01 4.456528739254777549e-01 3.994798162786256102e-01 4.087881787061308225e-01 3.865277382762395408e-01 4.386820974521069005e-01 4.249558907518852235e-01 3.873228920814981158e-01
-1.108607210676478161e+00 4.442734828978118777e-01 4.488582997877573755e-01 4.153171426297643243e-01 4.026701209213690569e-01 3.307818115825829075e-01 4.444416127557667684e-01 4.308453202211901534e-01 3.388510280744427838e-01
-1.088282891375112804e+00 4.064674379841582974e-01 3.920744385956648204e-01 4.235050655728216928e-01 3.760967353354389697e-01 3.577386999704008086e-01 4.573102922326917619e-01 4.169108177764698775e-01 3.813957885900609579e-01
-9.860493356269504073e-01 4.033945081904436458e-01 3.940535560666036941e-01 3.716681143129356713e-01 4.236900918876530531e-01 3.472483675140857207e-01 4.239118017900344593e-01 3.446478837457858657e-01 3.482122872802557723e-01
-9.299442261500364681e-01 3.457477279468622045e-01 4.083772917181442974e-01 4.093327748621315432e-01 4.129535284482153679e-01 3.425697341804907481e-01 4.116031054216417462e-01 3.408462556913115504e-01 2.858199953825905082e-01
-1.075750658893995793e+00 4.130979994309849634e-01 4.281543182319679230e-01 4.061541372918475723e-01 3.656237256464195950e-01 3.747726548032545568e-01 4.789356884820251126e-01 3.436858797913272534e-01 3.785326126183196083e-01
-1.127295741558401954e+00 4.483314157261760191e-01 4.093131031096164940e-01 4.279749684072172156e-01 4.292647367926683555e-01 3.863876364527803475e-01 4.572997435023976043e-01 4.160346588234944409e-01 3.134298442746647484e-01
