-1.291239217417828045e-01 2.291904133535870025e-01 3.385003652977816024e-01 2.517979585255193387e-01 -3.167887971942756620e-01 2.667562018936905366e-01 2.720848281050848860e-01 -3.269779869154927909e-01 -2.593595093575922772e-01 3.237023291429701188e-02 6.882262979293750360e-02
-1.350978722009621991e-01 2.256074391007082125e-01 3.386083642348801659e-01 2.480236402896232317e-01 -3.180208170955517444e-01 2.668254491189872013e-01 2.699944843324864618e-01 -3.275816777609754094e-01 -2.610347975134772458e-01 2.958274991895122608e-02 6.026098439820816444e-02
-2.985457190477637246e-01 9.932448885224243185e-02 3.421807631962630047e-01 1.869674756658994963e-01 -3.394966469128127828e-01 2.677907500034518162e-01 2.293374787203471821e-01 -3.465414752722387748e-01 -3.014933460180027613e-01 -2.176210757610707799e-02 -1.215628522056336619e-01
-4.265186411154169854e-01 -1.617274022579563361e-02 3.464658629395073741e-01 1.489509935136242025e-01 -3.581343825661807978e-01 2.743747402787658496e-01 2.056539744094020294e-01 -3.603393451623604360e-01 -3.381390630949359100e-01 -7.843969073332901498e-02 -2.533373343351872919e-01
-3.102685277376430739e-01 9.023616735034278857e-02 3.424972209300408132e-01 1.847157845582056979e-01 -3.408464124640233073e-01 2.688264493676011391e-01 2.272142821587283534e-01 -3.475290075205954010e-01 -3.041777947765811896e-01 -2.661584868634725778e-02 -1.339926836584865999e-01
-3.158103585674965630e-01 8.530714553151458324e-02 3.423826679747797863e-01 1.826422138988072208e-01 -3.432335289006911982e-01 2.678408486017221368e-01 2.251515016157516202e-01 -3.471732838042987379e-01 -3.070080994106699768e-01 -2.771264564222205434e-02 -1.396257573539507191e-01
-4.164645246431983860e-01 -5.854614600268147860e-03 3.457986431350675294e-01 1.518949277199858061e-01 -3.559270017211551007e-01 2.733974043735659665e-01 2.080233185992088341e-01 -3.584312603902641836e-01 -3.340476663264548285e-01 -7.413816346596800722e-02 -2.435828251658734844e-01
-2.969159384992805517e-01 1.001004601202474809e-01 3.427611612873544544e-01 1.891941122941442344e-01 -3.405055133643943854e-01 2.672187207595060898e-01 2.287483110972689526e-01 -3.462048286194645552e-01 -3.022949736342049332e-01 -2.072325468193952913e-02 -1.188268491486576539e-01
-3.526180836291721854e-01 5.070263824991217555e-02 3.440883982840627353e-01 1.701879943085770064e-01 -3.475577683156191311e-01 2.706767520849955866e-01 2.179555536333065147e-01 -3.508145282607027515e-01 -3.166934820813199769e-01 -4.581567055830900598e-02 -1.781094738155588053e-01
-3.313264094594465803e-01 6.929042694492812404e-02 3.435348257611781086e-01 1.769670924436568538e-01 -3.442611617067691809e-01 2.695550324098834327e-01 2.225766512059770830e-01 -3.496510485254079592e-01 -3.104276894464233494e-01 -3.648998665960328375e-02 -1.551397830145697931e-01
